valores por cota (— = inválido por braços/mãos em T/A)

fill
    0.780   0.740   0.720   0.690   0.660   0.635   0.600   0.570   0.545   0.520
     0.80    0.79    0.79    0.79    0.79    0.80    0.80    0.80    0.79    0.81  ours
        —       —    0.88    0.83    0.81    0.79    0.81    0.82    0.83    0.82  femalebase
        —       —    0.91    0.85    0.81    0.83    0.85    0.83    0.85    0.84  femalechar
     0.57    0.85    0.37    0.55    0.56       —       —       —       —       —  bodytopo

back_groove
    0.780   0.740   0.720   0.690   0.660   0.635   0.600   0.570   0.545   0.520
        0       0       0       0       0       0       0       0       0       0  ours
        8       4       0       0       2       2       0      10      14      22  femalebase
       14      10       6       2       2       0       2      10      12      18  femalechar
        4       6       4       0       0       4       0       2       4       8  bodytopo

back_max_absx
    0.780   0.740   0.720   0.690   0.660   0.635   0.600   0.570   0.545   0.520
       11       1      11      29      13       7      33      15      23      11  ours
        —       —      57      39      31      19       9      55      59      69  femalebase
        —       —      57      41      27      43      59      53      71      57  femalechar
       33      59      53     319     319       —       —       —       —       —  bodytopo

front_ext/back_ext
    0.780   0.740   0.720   0.690   0.660   0.635   0.600   0.570   0.545   0.520
     1.05    1.03    1.02    1.02    1.00    1.00    1.01    1.00    1.00    0.88  ours
     1.07    1.05    1.02    1.02    1.00    1.02    1.04    0.99    0.93    0.94  femalebase
     1.44    1.04    0.97    1.03    1.04    1.06    1.08    1.07    1.04    1.00  femalechar
     1.48    1.00    1.21    1.81    1.74    1.55    1.13    1.02    1.01    0.90  bodytopo

front_groove
    0.780   0.740   0.720   0.690   0.660   0.635   0.600   0.570   0.545   0.520
        0       0       0       0       0       0       0       0       0       0  ours
        —       —       0       2       0       2       0       0       0       8  femalebase
        —       —       8       0       0       0       2       0       0       0  femalechar
       30       0       0       0       0       —       —       —       —       —  bodytopo

width
    0.780   0.740   0.720   0.690   0.660   0.635   0.600   0.570   0.545   0.520
      356     336     320     304     292     292     332     364     372     384  ours
        —       —     252     228     212     228     276     304     320     332  femalebase
        —       —     264     244     232     224     232     268     292     308  femalechar
      556     272     636     604     518       —       —       —       —       —  bodytopo

depth
    0.780   0.740   0.720   0.690   0.660   0.635   0.600   0.570   0.545   0.520
      306     290     264     240     226     228     248     262     256     222  ours
      194     214     184     170     156     156     180     200     202     198  femalebase
      204     234     232     214     198     184     174     196     216     228  femalechar
      214     194     188     184     174     170     186     200     208     200  bodytopo
